sku,handle,category,keyword,image_count
compacto-urbano-revisado-eixample-ocasion-motor,compacto-urbano-revisado-eixample-ocasion-motor,productos-usados-liquidaciones,used car showroom barcelona,6
suv-seminuevo-certificado-eixample-ocasion-motor,suv-seminuevo-certificado-eixample-ocasion-motor,productos-usados-liquidaciones,certified used suv barcelona,6
sedan-familiar-oportunidad-eixample-ocasion-motor,sedan-familiar-oportunidad-eixample-ocasion-motor,productos-usados-liquidaciones,family sedan used car barcelona,6
pack-liquidacion-mantenimiento-inicial-eixample-ocasion-motor,pack-liquidacion-mantenimiento-inicial-eixample-ocasion-motor,productos-usados-liquidaciones,car maintenance service garage barcelona,6
garantia-extendida-ocasion-eixample-ocasion-motor,garantia-extendida-ocasion-eixample-ocasion-motor,productos-usados-liquidaciones,car warranty service office barcelona,6
liquidacion-utilitario-gasolina-sants-liquidaciones-auto,liquidacion-utilitario-gasolina-sants-liquidaciones-auto,productos-usados-liquidaciones,used hatchback car dealership barcelona,6
liquidacion-suv-diesel-sants-liquidaciones-auto,liquidacion-suv-diesel-sants-liquidaciones-auto,productos-usados-liquidaciones,used diesel suv dealership barcelona,6
oferta-furgon-urbano-sants-liquidaciones-auto,oferta-furgon-urbano-sants-liquidaciones-auto,productos-usados-liquidaciones,used urban van dealership barcelona,6
pack-revision-pre-entrega-sants-liquidaciones-auto,pack-revision-pre-entrega-sants-liquidaciones-auto,productos-usados-liquidaciones,pre delivery car inspection workshop barcelona,6
servicio-tramitacion-cambio-titularidad-sants-liquidaciones-auto,servicio-tramitacion-cambio-titularidad-sants-liquidaciones-auto,productos-usados-liquidaciones,car paperwork office service barcelona,6
alquiler-box-2-horas-poblenou-box-rental,alquiler-box-2-horas-poblenou-box-rental,renta-espacios-herramientas-automocion,auto repair workshop bay rental barcelona,6
alquiler-box-media-jornada-poblenou-box-rental,alquiler-box-media-jornada-poblenou-box-rental,renta-espacios-herramientas-automocion,mechanic garage bay rental barcelona,6
alquiler-box-jornada-completa-poblenou-box-rental,alquiler-box-jornada-completa-poblenou-box-rental,renta-espacios-herramientas-automocion,car service bay full day rental barcelona,6
pack-herramientas-mecanica-ligera-poblenou-box-rental,pack-herramientas-mecanica-ligera-poblenou-box-rental,renta-espacios-herramientas-automocion,mechanic tools set garage barcelona,6
asistencia-tecnica-de-taller-poblenou-box-rental,asistencia-tecnica-de-taller-poblenou-box-rental,renta-espacios-herramientas-automocion,auto workshop technical assistance barcelona,6
renta-elevador-por-hora-gracia-garage-tools,renta-elevador-por-hora-gracia-garage-tools,renta-espacios-herramientas-automocion,car lift rental workshop barcelona,6
renta-kit-diagnosis-obd-gracia-garage-tools,renta-kit-diagnosis-obd-gracia-garage-tools,renta-espacios-herramientas-automocion,obd diagnostic tool automotive workshop barcelona,6
renta-compresor-y-neumatica-gracia-garage-tools,renta-compresor-y-neumatica-gracia-garage-tools,renta-espacios-herramientas-automocion,air compressor mechanic workshop barcelona,6
renta-herramientas-detailing-gracia-garage-tools,renta-herramientas-detailing-gracia-garage-tools,renta-espacios-herramientas-automocion,car detailing tools workshop barcelona,6
renta-box-premium-con-soporte-gracia-garage-tools,renta-box-premium-con-soporte-gracia-garage-tools,renta-espacios-herramientas-automocion,premium auto workshop bay barcelona,6
